7 0.806136 0.956180 0.022330 0.040315
8 0.700297 0.674202 0.013304 0.043034
8 0.636122 0.781702 0.013535 0.042573
8 0.592465 0.673275 0.013304 0.041180
8 0.693552 0.604371 0.012537 0.042202
8 0.756788 0.580185 0.012664 0.041652
8 0.763155 0.747528 0.013114 0.041640
8 0.969625 0.930854 0.014775 0.041348
8 0.672884 0.989680 0.011326 0.020640
8 0.588417 0.943376 0.012809 0.039337
9 0.567408 0.786652 0.019717 0.041191
9 0.631349 0.698421 0.020427 0.041697
9 0.487601 0.895904 0.021615 0.042573
9 0.657705 0.559680 0.020288 0.038573
10 0.510167 0.851084 0.015040 0.027382
10 0.536511 0.902742 0.014256 0.029348
10 0.553333 0.869775 0.015040 0.027416
11 0.631200 0.931298 0.022364 0.041270
11 0.625698 0.885854 0.022168 0.039753
11 0.691710 0.902820 0.022762 0.040539
11 0.737745 0.763455 0.023356 0.044393
12 0.667918 0.719202 0.036817 0.072876
12 0.685236 0.520416 0.037209 0.072112
12 0.778847 0.518045 0.037290 0.070854
12 0.865456 0.717674 0.037624 0.072629
13 0.566081 0.689506 0.022762 0.043573
13 0.591101 0.746792 0.022364 0.042461
13 0.767832 0.677938 0.022168 0.042416
13 0.724585 0.558972 0.022364 0.042034
13 0.861520 0.602292 0.023258 0.042719
14 0.918100 0.686466 0.022324 0.041652
14 0.830813 0.744933 0.022088 0.044472
14 0.959787 0.701433 0.022088 0.042618
15 0.893359 0.862848 0.022958 0.041652
0 0.483844 0.837208 0.014250 0.025831
0 0.834351 0.845236 0.014250 0.026382
0 0.863685 0.821629 0.013068 0.027303
0 0.925415 0.873225 0.014533 0.026157
0 0.536162 0.956281 0.015761 0.026966
0 0.704602 0.756213 0.013795 0.029843
0 0.807290 0.646820 0.013299 0.026000
0 0.802119 0.553264 0.015761 0.026955
1 0.679873 0.760191 0.012999 0.042652
1 0.641462 0.601528 0.012659 0.045978
1 0.888062 0.589534 0.011972 0.041989
1 0.845409 0.481287 0.011903 0.043270
1 0.707457 0.935129 0.011326 0.043180
1 0.909389 0.737933 0.012318 0.040292
2 0.535496 0.759579 0.021442 0.024371
2 0.560836 0.965275 0.021776 0.025449
2 0.730758 0.505455 0.021355 0.024101
2 0.698469 0.423320 0.021851 0.024573
3 0.894585 0.939360 0.018051 0.043034
4 0.884761 0.645500 0.026661 0.043652
5 0.616949 0.589180 0.018800 0.042427
5 0.829732 0.629579 0.018057 0.043180
5 0.854132 0.899461 0.019498 0.045303
5 0.825430 0.482039 0.019591 0.046281
6 0.793284 0.687157 0.013062 0.026382
6 0.815089 0.686534 0.016153 0.028730
6 0.795020 0.761264 0.017814 0.030124
7 0.731889 0.887298 0.022324 0.038865
7 0.766589 0.874736 0.023512 0.043090
