3 0.328420 0.177348 0.020196 0.047978
0 0.461972 0.492646 0.013656 0.024685
0 0.418861 0.455663 0.014446 0.026607
0 0.377295 0.406882 0.014844 0.027764
1 0.212866 0.342264 0.011684 0.045539
1 0.184022 0.314556 0.013397 0.038865
1 0.147826 0.224871 0.013391 0.043876
2 0.182941 0.462213 0.021949 0.024427
2 0.223299 0.479871 0.021096 0.024438
2 0.252656 0.479590 0.023374 0.026101
2 0.095032 0.700399 0.023777 0.031876
3 0.049798 0.425292 0.019296 0.044989
3 0.600591 0.625781 0.019833 0.049315
4 0.306554 0.777517 0.024285 0.046652
4 0.299850 0.688888 0.023253 0.043978
5 0.089008 0.240202 0.016551 0.050674
5 0.056534 0.013702 0.012537 0.027404
4 0.612797 0.406775 0.024510 0.047753
4 0.006384 0.501129 0.012768 0.044730
5 0.355978 0.495236 0.019291 0.042382
6 0.240234 0.390090 0.014366 0.030382
6 0.198904 0.255348 0.015594 0.028787
6 0.273601 0.150994 0.015600 0.027989
7 0.145427 0.339309 0.021753 0.039180
7 0.098103 0.415876 0.020519 0.038472
7 0.157411 0.267539 0.022572 0.037663
8 0.055747 0.196573 0.012313 0.039978
8 0.048031 0.107848 0.013131 0.042461
8 0.085381 0.140674 0.010669 0.042382
9 0.575358 0.342798 0.019700 0.037933
9 0.582379 0.312287 0.019245 0.037270
9 0.605897 0.361753 0.019625 0.040494
9 0.702731 0.233747 0.020640 0.040258
9 0.432197 0.854028 0.020784 0.037944
9 0.540525 0.718820 0.019954 0.037213
9 0.515874 0.979202 0.021090 0.037753
9 0.732563 0.867843 0.020928 0.041236
10 0.815245 0.726742 0.015185 0.027191
10 0.856863 0.662882 0.015594 0.028865
10 0.853581 0.616107 0.014775 0.024865
11 0.575127 0.537455 0.022514 0.041652
11 0.426243 0.375275 0.027191 0.046056
11 0.539469 0.197438 0.022572 0.044652
12 0.015043 0.636871 0.029890 0.070191
12 0.300934 0.109135 0.036978 0.071258
12 0.321531 0.335899 0.037999 0.074090
13 0.495692 0.136798 0.022918 0.041978
13 0.662687 0.358343 0.022572 0.041584
13 0.344997 0.899612 0.023281 0.044888
14 0.439294 0.967028 0.024216 0.045584
14 0.807220 0.838236 0.022514 0.041146
14 0.652748 0.638680 0.022232 0.043382
15 0.525704 0.566303 0.023552 0.047820
15 0.602797 0.955556 0.024464 0.044888
15 0.251145 0.616022 0.023939 0.046719
