0 0.745110 0.498045 0.013852 0.030854
0 0.757956 0.583966 0.015438 0.028921
0 0.785369 0.534798 0.016032 0.028539
0 0.814660 0.629163 0.014821 0.029494
1 0.498085 0.429601 0.019862 0.058034
1 0.518619 0.462067 0.017088 0.048360
1 0.562269 0.371567 0.014896 0.049742
1 0.553051 0.284511 0.016309 0.049742
1 0.598440 0.313528 0.017734 0.049753
2 0.958371 0.804062 0.022693 0.027629
3 0.813642 0.914011 0.022163 0.051820
3 0.849152 0.943376 0.021176 0.049899
3 0.824775 0.840225 0.017728 0.045101
3 0.840040 0.677096 0.019700 0.048933
4 0.608512 0.617315 0.024821 0.051820
4 0.704671 0.541320 0.026597 0.050663
4 0.499885 0.328865 0.029550 0.051820
4 0.889983 0.193371 0.026101 0.047978
4 0.452186 0.239056 0.031488 0.049910
7 0.902615 0.448888 0.024792 0.047753
7 0.952238 0.526629 0.026505 0.044427
7 0.971476 0.441388 0.023945 0.042753
9 0.501021 0.565910 0.022803 0.042112
11 0.728039 0.593545 0.025652 0.052753
12 0.545793 0.489792 0.037768 0.075899
12 0.527396 0.210551 0.038910 0.072921
12 0.480115 0.082927 0.037924 0.074843
12 0.606445 0.168331 0.037434 0.072933
13 0.804164 0.583202 0.025859 0.048787
13 0.740095 0.457017 0.024631 0.040775
13 0.771903 0.656528 0.023391 0.044787
14 0.562624 0.597197 0.024625 0.049584
14 0.457722 0.375573 0.023806 0.044854
14 0.454233 0.308000 0.026678 0.047258
14 0.419879 0.132921 0.021672 0.047978
14 0.849720 0.217365 0.023397 0.046371
15 0.937757 0.912096 0.028074 0.049899
