15 0.866958 0.109011 0.020928 0.035978
3 0.575121 0.436528 0.017140 0.038000
3 0.538786 0.720242 0.016153 0.037022
3 0.065072 0.102596 0.018322 0.038000
1 0.134126 0.237444 0.012255 0.041787
4 0.451646 0.335393 0.020190 0.038382
4 0.498976 0.359910 0.022163 0.041348
4 0.594919 0.657472 0.021672 0.042315
4 0.877474 0.941365 0.023645 0.046056
5 0.480542 0.461090 0.020427 0.039798
5 0.681225 0.234258 0.019406 0.047753
6 0.533281 0.578404 0.011084 0.024787
6 0.219686 0.430096 0.013062 0.025921
6 0.257091 0.491410 0.013777 0.026371
6 0.559095 0.245882 0.014048 0.027000
7 0.288440 0.760253 0.027572 0.041989
7 0.313971 0.380208 0.023489 0.041989
7 0.586142 0.130494 0.020427 0.040000
7 0.775081 0.387174 0.026551 0.039989
8 0.044867 0.785124 0.016344 0.051933
8 0.091843 0.773191 0.012255 0.043978
8 0.108697 0.681657 0.013276 0.036011
9 0.440810 0.137725 0.019210 0.040303
9 0.163232 0.738365 0.024516 0.043966
9 0.511998 0.412045 0.025531 0.047955
10 0.490606 0.676039 0.017140 0.031090
10 0.544565 0.469236 0.015957 0.034539
10 0.728962 0.442747 0.014775 0.027629
10 0.543267 0.190213 0.012313 0.025393
11 0.737618 0.057135 0.024510 0.050382
11 0.671439 0.543034 0.026961 0.052764
11 0.701303 0.983393 0.022457 0.033213
8 0.450724 0.535511 0.015934 0.033427
12 0.153134 0.170539 0.033685 0.065640
12 0.780839 0.481022 0.035392 0.064831
12 0.757540 0.848882 0.036119 0.069652
12 0.054599 0.636219 0.032013 0.064775
13 0.290381 0.898843 0.025536 0.047753
13 0.646298 0.314848 0.022468 0.049742
13 0.157105 0.520787 0.022468 0.043775
14 0.075404 0.909781 0.018385 0.045764
14 0.209190 0.924708 0.024516 0.039798
15 0.241358 0.779455 0.025531 0.043764
15 0.772814 0.205657 0.021280 0.039157
0 0.740490 0.595927 0.012203 0.023787
0 0.274097 0.375466 0.012589 0.025494
0 0.504002 0.151270 0.013875 0.029348
0 0.094106 0.046506 0.013679 0.023910
2 0.211127 0.681562 0.020179 0.025326
2 0.616811 0.511770 0.019712 0.020820
