0 0.789291 0.539725 0.015606 0.029022
0 0.524752 0.534893 0.017024 0.035921
0 0.913760 0.651652 0.016309 0.029011
1 0.693172 0.821837 0.018385 0.049742
1 0.755980 0.824820 0.017359 0.051730
1 0.807044 0.909388 0.023489 0.053719
2 0.807044 0.610921 0.027572 0.033820
2 0.947979 0.651713 0.023489 0.031831
3 0.338789 0.155264 0.016344 0.049742
3 0.382705 0.097562 0.018385 0.049753
2 0.735046 0.621865 0.026551 0.047753
3 0.067641 0.327382 0.025536 0.047753
4 0.384518 0.487770 0.026003 0.050663
6 0.781208 0.474646 0.015600 0.035921
6 0.815747 0.538899 0.021275 0.037303
6 0.923547 0.592787 0.018443 0.031775
7 0.793054 0.659472 0.029614 0.053730
7 0.816032 0.807708 0.028593 0.043775
7 0.755779 0.882326 0.024510 0.053730
8 0.489735 0.904213 0.017359 0.045775
8 0.876796 0.914163 0.019406 0.049742
8 0.612287 0.882326 0.019406 0.045775
10 0.558570 0.855461 0.022468 0.051730
10 0.614839 0.952966 0.020427 0.043775
11 0.536713 0.911174 0.029619 0.059697
11 0.877820 0.634601 0.025536 0.051742
11 0.247180 0.480393 0.026551 0.057708
11 0.443264 0.239635 0.022468 0.045764
11 0.432030 0.080449 0.024510 0.053730
12 0.415182 0.974494 0.045957 0.051011
12 0.671520 0.616691 0.043916 0.083562
12 0.752713 0.463483 0.042889 0.083573
12 0.877310 0.224708 0.038806 0.071640
12 0.899337 0.239646 0.039619 0.075517
13 0.437137 0.861629 0.025531 0.051730
14 0.396041 0.422135 0.023051 0.043753
14 0.381029 0.295011 0.026003 0.047213
14 0.484164 0.343955 0.024233 0.048360
15 0.193261 0.158910 0.029787 0.056652
15 0.870531 0.393927 0.024625 0.046056
15 0.766747 0.589601 0.024625 0.049315
15 0.363403 0.645944 0.028593 0.055708
0 0.721462 0.675961 0.015600 0.027989
