13 0.889611 0.844530 0.027575 0.049642
0 0.583810 0.419720 0.018911 0.026428
0 0.594156 0.472458 0.017137 0.029866
0 0.694628 0.493135 0.015962 0.027570
0 0.736590 0.367900 0.017143 0.032172
0 0.863954 0.493141 0.016550 0.032172
1 0.416146 0.315431 0.017362 0.051624
1 0.419211 0.520913 0.017362 0.057570
1 0.789421 0.380946 0.016342 0.047648
1 0.806273 0.427598 0.013272 0.041691
1 0.972742 0.496097 0.019401 0.051613
1 0.834358 0.749233 0.016342 0.049642
2 0.285423 0.121853 0.029614 0.025812
2 0.857849 0.596355 0.028600 0.029776
2 0.692399 0.403779 0.024510 0.025812
2 0.729677 0.302520 0.031659 0.033751
2 0.881849 0.759155 0.025530 0.025812
3 0.392656 0.914020 0.023491 0.045666
3 0.944145 0.476243 0.019407 0.047648
3 0.621935 0.888208 0.020426 0.041702
5 0.634188 0.315431 0.020426 0.051624
5 0.603039 0.560622 0.025536 0.053606
7 0.744487 0.969608 0.026555 0.045666
8 0.455974 0.736226 0.017362 0.039910
8 0.433508 0.449345 0.017362 0.041892
8 0.705167 0.811775 0.019401 0.047648
9 0.104657 0.938830 0.025536 0.047648
9 0.825167 0.589406 0.020426 0.039709
9 0.968658 0.738309 0.023491 0.051624
10 0.035219 0.933645 0.015438 0.030403
10 0.035317 0.973124 0.016417 0.031915
10 0.041884 0.994944 0.016417 0.010112
11 0.313125 0.531517 0.028370 0.057906
11 0.073554 0.435829 0.024113 0.049642
11 0.364689 0.644709 0.030495 0.048253
11 0.497523 0.375487 0.026002 0.052856
11 0.409954 0.076075 0.022984 0.045476
11 0.492820 0.116053 0.028324 0.050269
11 0.448494 0.080146 0.023393 0.047077
11 0.535985 0.880929 0.022166 0.046562
12 0.549525 0.360101 0.039833 0.077424
12 0.277353 0.425616 0.044937 0.077436
12 0.918715 0.769082 0.036763 0.073460
12 0.909012 0.498080 0.035743 0.071478
13 0.732333 0.744267 0.031659 0.055588
14 0.378462 0.459367 0.028594 0.049642
14 0.425438 0.608270 0.026555 0.053606
14 0.478546 0.691657 0.026550 0.045666
14 0.691990 0.618197 0.024510 0.045666
