2 0.395369 0.414534 0.029619 0.037809
4 0.829922 0.819449 0.032682 0.063663
4 0.907027 0.831388 0.027572 0.051742
4 0.928985 0.926899 0.028593 0.051730
4 0.949922 0.711006 0.021448 0.045764
4 0.948899 0.773685 0.031661 0.047753
11 0.830943 0.951770 0.026557 0.057697
11 0.768134 0.989315 0.025531 0.021371
11 0.897324 0.759758 0.026551 0.055719
11 0.958604 0.851287 0.024510 0.051742
7 0.962687 0.360803 0.022468 0.045764
7 0.988492 0.304101 0.023016 0.047753
12 0.749242 0.848303 0.040848 0.077596
12 0.855963 0.874169 0.037785 0.069640
12 0.856987 0.628433 0.041874 0.071629
12 0.904986 0.448360 0.039833 0.069640
13 0.476047 0.720961 0.023489 0.045764
13 0.503625 0.540882 0.023489 0.051742
