9 0.175043 0.844211 0.026238 0.053774
9 0.201993 0.748387 0.024827 0.049630
9 0.257667 0.813880 0.022696 0.051008
10 0.099156 0.961405 0.021987 0.042744
10 0.177172 0.906937 0.017730 0.035845
10 0.220786 0.894530 0.018439 0.035845
11 0.831092 0.236092 0.030639 0.064569
12 0.016138 0.126859 0.032275 0.070314
12 0.284433 0.971618 0.039672 0.056764
12 0.500899 0.803774 0.038652 0.076529
12 0.642028 0.581607 0.039597 0.082721
12 0.676011 0.706265 0.036642 0.074681
12 0.799533 0.768886 0.039009 0.073539
12 0.805737 0.654563 0.045507 0.081579
14 0.261354 0.685106 0.027235 0.052945
14 0.375651 0.661277 0.024677 0.052945
14 0.786717 0.898695 0.024677 0.047984
14 0.813525 0.985330 0.032339 0.029339
14 0.932673 0.979541 0.028940 0.040918
0 0.441495 0.968623 0.016388 0.032788
14 0.849692 0.599239 0.029787 0.054602
14 0.111993 0.101904 0.026382 0.054602
15 0.331567 0.761209 0.019574 0.046316
15 0.920504 0.844765 0.028082 0.044670
15 0.953439 0.906641 0.024677 0.051288
14 0.965012 0.767996 0.027235 0.041366
0 0.395256 0.995202 0.013059 0.009597
2 0.399294 0.754989 0.024510 0.035733
2 0.363361 0.941338 0.028370 0.035622
2 0.489960 0.910896 0.026002 0.031019
3 0.571993 0.685106 0.020426 0.049630
3 0.593779 0.829373 0.024677 0.051288
3 0.601014 0.974138 0.020426 0.043012
3 0.810801 0.496825 0.026382 0.057906
1 0.994974 0.502615 0.010052 0.046327
5 0.430648 0.891786 0.026550 0.047648
5 0.456518 0.989110 0.023750 0.021781
8 0.706152 0.628830 0.015369 0.047111
8 0.733399 0.771758 0.016544 0.044815
8 0.688125 0.894804 0.018324 0.045957
8 0.630268 0.933757 0.014775 0.047111
8 0.992851 0.915493 0.014297 0.043662
9 0.442203 0.648707 0.028370 0.052396
