9 0.799804 0.620764 0.024129 0.045101
11 0.171488 0.595596 0.026263 0.052787
11 0.148587 0.529983 0.022572 0.050461
11 0.179983 0.508792 0.023806 0.046461
11 0.275409 0.398843 0.022572 0.048854
11 0.339642 0.495197 0.024625 0.048056
14 0.305084 0.237354 0.024216 0.039989
13 0.532287 0.923787 0.022232 0.049978
0 0.598705 0.397719 0.019406 0.036022
0 0.234449 0.948652 0.014642 0.030472
0 0.260378 0.992758 0.015634 0.014483
1 0.454296 0.951275 0.021442 0.045966
2 0.293953 0.656787 0.021448 0.034022
3 0.241655 0.931494 0.018524 0.043034
3 0.466251 0.374747 0.020807 0.047202
4 0.197238 0.652489 0.023356 0.050528
4 0.667820 0.019831 0.025375 0.039663
3 0.297232 0.461792 0.018051 0.043966
9 0.501269 0.422073 0.022572 0.046371
9 0.501433 0.485247 0.021344 0.040787
9 0.498558 0.553618 0.024625 0.038382
9 0.351623 0.723101 0.021344 0.043258
10 0.371119 0.737090 0.016009 0.028067
9 0.734054 0.534404 0.021672 0.041258
