8 0.670603 0.197051 0.013281 0.047764
8 0.719115 0.179146 0.012255 0.047753
9 0.077829 0.361781 0.020190 0.043180
9 0.406967 0.777348 0.023656 0.043865
9 0.431819 0.794174 0.023085 0.043315
9 0.384221 0.377225 0.024233 0.057573
9 0.414893 0.228287 0.023639 0.046169
9 0.414008 0.128107 0.021869 0.036955
9 0.468676 0.185101 0.021275 0.047326
9 0.400415 0.051528 0.024233 0.042719
9 0.434397 0.071107 0.023639 0.045022
9 0.484637 0.058444 0.027186 0.045022
10 0.611113 0.147680 0.020092 0.030056
11 0.420277 0.978051 0.024625 0.043899
11 0.480095 0.980618 0.024965 0.038764
11 0.467953 0.890966 0.022572 0.048719
0 0.328077 0.077264 0.015957 0.031090
0 0.345568 0.024124 0.015957 0.033506
2 0.103356 0.170185 0.025444 0.027180
2 0.162621 0.108972 0.025035 0.026461
2 0.142514 0.232921 0.026678 0.029663
4 0.176822 0.325315 0.025121 0.060449
4 0.209132 0.427416 0.029060 0.048944
4 0.517716 0.117258 0.028593 0.051730
4 0.455928 0.016843 0.031661 0.033685
4 0.943080 0.079455 0.025536 0.051742
3 0.570314 0.131191 0.023489 0.051730
5 0.290482 0.954955 0.021448 0.055708
5 0.245545 0.030702 0.021448 0.045764
6 0.214501 0.143955 0.015761 0.031663
6 0.275078 0.136427 0.015761 0.029843
6 0.316453 0.115792 0.014775 0.030798
7 0.362131 0.180579 0.023397 0.044775
7 0.383270 0.100618 0.022987 0.044787
7 0.493512 0.167152 0.024625 0.043180
7 0.490637 0.320281 0.024631 0.040787
8 0.421923 0.366180 0.014296 0.051730
8 0.447454 0.355236 0.016338 0.053730
8 0.471453 0.420899 0.017359 0.049753
8 0.696136 0.263708 0.015317 0.057708
