1 0.373760 0.507236 0.014025 0.045303
0 0.017494 0.545348 0.013005 0.032247
1 0.328100 0.463320 0.014020 0.043315
1 0.353751 0.422607 0.012313 0.047978
1 0.433273 0.071831 0.014366 0.046652
2 0.478489 0.759528 0.023645 0.028787
2 0.506857 0.764416 0.022653 0.024944
2 0.527543 0.690528 0.023645 0.032629
2 0.531237 0.622399 0.025115 0.026865
2 0.575562 0.641590 0.026107 0.026865
3 0.288555 0.776270 0.022439 0.051730
3 0.292630 0.677775 0.024510 0.057708
3 0.405992 0.680764 0.020427 0.047753
3 0.381465 0.784949 0.021672 0.043180
3 0.590447 0.910438 0.017814 0.040719
4 0.518382 0.056640 0.027584 0.045101
4 0.581869 0.069882 0.028074 0.043180
4 0.567091 0.145208 0.030040 0.046056
4 0.538527 0.229646 0.025115 0.044146
4 0.587532 0.268511 0.022653 0.047022
5 0.234988 0.464169 0.020092 0.051820
5 0.295510 0.240315 0.023639 0.043753
5 0.238478 0.111354 0.019504 0.050663
5 0.343085 0.136107 0.019504 0.051809
5 0.366197 0.074966 0.018910 0.056427
5 0.407393 0.877860 0.020519 0.049427
6 0.596765 0.371354 0.017359 0.039787
6 0.618723 0.328573 0.016338 0.033820
6 0.605444 0.211180 0.018385 0.025865
6 0.597275 0.128601 0.014296 0.035809
7 0.494126 0.889691 0.026557 0.045764
7 0.741785 0.917545 0.021448 0.037809
7 0.726468 0.641966 0.025531 0.047753
8 0.150467 0.418112 0.017359 0.057708
8 0.073359 0.513624 0.018379 0.049742
8 0.381275 0.426073 0.015317 0.037809
9 0.185934 0.776315 0.021672 0.039348
9 0.055565 0.369747 0.021672 0.043180
9 0.171900 0.090702 0.024135 0.042213
9 0.654317 0.473090 0.022659 0.047011
9 0.660513 0.653972 0.020115 0.041584
9 0.563013 0.899871 0.020582 0.041652
9 0.592514 0.939803 0.021396 0.039764
10 0.067794 0.911730 0.020236 0.036090
10 0.099115 0.915067 0.016534 0.032202
10 0.119354 0.898680 0.015963 0.031652
10 0.138163 0.868978 0.017099 0.028876
10 0.072754 0.795118 0.016246 0.032213
10 0.014735 0.798455 0.007439 0.027764
10 0.028146 0.741528 0.013685 0.032764
10 0.039830 0.702657 0.018241 0.028326
10 0.213552 0.794921 0.014821 0.033371
10 0.315159 0.825185 0.016246 0.028371
10 0.343665 0.771601 0.016246 0.030034
10 0.329983 0.744112 0.015110 0.029483
10 0.040288 0.640573 0.017785 0.028652
10 0.215986 0.299292 0.015052 0.032719
10 0.126188 0.235989 0.014740 0.034045
10 0.335355 0.221860 0.017814 0.032393
10 0.429766 0.350506 0.016626 0.030539
10 0.595323 0.546354 0.016759 0.027315
10 0.496889 0.387360 0.016419 0.028652
11 0.296750 0.607522 0.024227 0.050663
11 0.262520 0.266781 0.026101 0.047022
11 0.444703 0.195916 0.025115 0.049989
12 0.695686 0.294612 0.041373 0.081562
13 0.177644 0.929848 0.023800 0.052775
13 0.264369 0.678118 0.025035 0.049584
13 0.504755 0.528427 0.025450 0.047978
13 0.497653 0.265983 0.024625 0.044775
13 0.391574 0.108758 0.025363 0.047202
13 0.204700 0.128219 0.026101 0.047022
14 0.383452 0.986685 0.023281 0.026629
15 0.688653 0.752388 0.026246 0.058034
