12 0.473599 0.204011 0.036770 0.079596
13 0.338789 0.113478 0.026551 0.041787
13 0.916831 0.661663 0.028599 0.051730
14 0.254025 0.200034 0.024510 0.051730
14 0.655897 0.396028 0.021448 0.045764
15 0.284660 0.274652 0.024510 0.049753
15 0.590023 0.671607 0.022468 0.039798
15 0.543045 0.123427 0.020427 0.053730
0 0.895701 0.806258 0.015173 0.031169
0 0.393328 0.071096 0.020427 0.033831
0 0.508290 0.640742 0.017099 0.029438
0 0.023114 0.825219 0.013276 0.029854
1 0.913665 0.076073 0.017364 0.051742
1 0.971880 0.079056 0.017359 0.049753
2 0.968971 0.029893 0.022958 0.027764
2 0.990640 0.329281 0.018720 0.023483
3 0.547336 0.707230 0.022468 0.049742
3 0.636491 0.558191 0.023489 0.043775
3 0.934196 0.609927 0.016338 0.047764
4 0.048749 0.266691 0.026551 0.061674
4 0.842278 0.510438 0.028593 0.051730
4 0.515470 0.329371 0.028599 0.059685
4 0.438875 0.196056 0.026551 0.047753
6 0.698789 0.134371 0.019400 0.035820
7 0.295386 0.712399 0.027578 0.053719
7 0.223385 0.551230 0.018385 0.045764
7 0.287215 0.454725 0.027578 0.039787
8 0.671214 0.351258 0.017364 0.035820
8 0.677855 0.278635 0.018385 0.045764
8 0.701344 0.271663 0.016344 0.051730
9 0.928578 0.163219 0.021448 0.045764
9 0.977598 0.225899 0.021448 0.047753
9 0.980663 0.150292 0.013276 0.047753
9 0.097258 0.794978 0.025531 0.047753
1 0.467471 0.875562 0.020421 0.061685
10 0.925003 0.502478 0.020421 0.035809
10 0.901001 0.609927 0.025531 0.035809
10 0.959726 0.559185 0.020421 0.037809
11 0.849939 0.695489 0.027572 0.055719
11 0.837685 0.576101 0.025531 0.051730
12 0.441941 0.793978 0.036765 0.069640
