0 0.458789 0.156264 0.013276 0.023876
15 0.568374 0.340191 0.023149 0.044135
15 0.279758 0.761444 0.021176 0.044146
15 0.862171 0.816169 0.021205 0.043978
15 0.966055 0.186202 0.022468 0.051933
15 0.314994 0.219039 0.021442 0.041989
14 0.599325 0.265742 0.019493 0.042652
14 0.620014 0.047039 0.022128 0.041629
14 0.211946 0.499792 0.018379 0.039989
13 0.919181 0.712697 0.021442 0.043978
13 0.513224 0.194365 0.022468 0.049944
12 0.428968 0.867904 0.037785 0.075809
12 0.383521 0.291865 0.040848 0.069843
11 0.464712 0.044135 0.029619 0.047955
11 0.038330 0.683848 0.024516 0.049944
11 0.026076 0.808208 0.026557 0.059899
8 0.861990 0.669916 0.015317 0.045966
10 0.939925 0.178090 0.016528 0.033933
10 0.918146 0.159011 0.018241 0.034427
10 0.884149 0.899539 0.021448 0.026067
10 0.544576 0.032994 0.018379 0.036011
9 0.765173 0.833876 0.024510 0.041978
9 0.311724 0.072787 0.022468 0.047955
9 0.905087 0.095669 0.022468 0.045966
9 0.881597 0.282713 0.024510 0.045966
7 0.935216 0.831983 0.025531 0.049742
8 0.194533 0.451736 0.012699 0.043382
8 0.186782 0.383287 0.012699 0.045315
8 0.163524 0.379978 0.010888 0.048854
7 0.662024 0.069702 0.027578 0.049742
7 0.634960 0.605944 0.018385 0.039798
7 0.569086 0.765129 0.025531 0.039787
7 0.571130 0.521382 0.027578 0.045775
6 0.903555 0.967090 0.014296 0.033820
6 0.166194 0.045826 0.018385 0.029854
6 0.165173 0.250775 0.014302 0.033820
5 0.955130 0.092584 0.019406 0.051730
4 0.799386 0.311461 0.024516 0.043775
4 0.416918 0.277635 0.025531 0.051742
4 0.346450 0.411944 0.025531 0.049753
4 0.030874 0.626837 0.029614 0.053719
3 0.324493 0.787011 0.018385 0.043775
3 0.925510 0.465669 0.023489 0.045764
3 0.234109 0.659669 0.019406 0.059697
2 0.333175 0.048815 0.023489 0.023876
1 0.403639 0.948191 0.015317 0.043775
0 0.840236 0.854669 0.018385 0.035809
0 0.360747 0.722348 0.015323 0.029843
