1 0.960236 0.288281 0.015317 0.051933
1 0.941344 0.103236 0.018385 0.043978
1 0.917344 0.187798 0.017364 0.053933
1 0.365343 0.164916 0.016338 0.055921
1 0.411298 0.357927 0.022468 0.032034
1 0.427131 0.478303 0.017364 0.053933
0 0.344406 0.823528 0.019400 0.040000
0 0.395352 0.480433 0.019700 0.033674
0 0.179631 0.459803 0.015755 0.040393
0 0.195147 0.585028 0.017238 0.037517
0 0.369250 0.421416 0.012803 0.026966
0 0.352258 0.394551 0.015265 0.030809
10 0.530176 0.578388 0.021448 0.032034
10 0.422434 0.676882 0.018385 0.041989
9 0.188558 0.773483 0.026551 0.043775
9 0.783454 0.851090 0.027578 0.043775
9 0.924389 0.667034 0.027578 0.049753
8 0.983826 0.640966 0.016338 0.055708
15 0.926127 0.566354 0.025531 0.049742
15 0.861275 0.736472 0.022468 0.047753
15 0.466551 0.981657 0.025536 0.036685
1 0.606993 0.333713 0.013131 0.041584
14 0.885378 0.158747 0.028599 0.047944
14 0.781208 0.305989 0.030640 0.059888
14 0.837376 0.454522 0.022468 0.041787
14 0.498824 0.675225 0.020427 0.041461
14 0.493120 0.899410 0.028085 0.051404
14 0.282982 0.088438 0.023403 0.048360
14 0.323267 0.247787 0.022059 0.047753
13 0.403538 0.847011 0.023489 0.055910
13 0.105836 0.451045 0.020427 0.055910
12 0.703284 0.261022 0.040848 0.085753
12 0.276900 0.973197 0.043916 0.053607
11 0.979539 0.108803 0.019400 0.047944
11 0.162007 0.570528 0.028593 0.047753
11 0.343792 0.713792 0.032682 0.071629
10 0.834005 0.726629 0.016338 0.038000
10 0.810516 0.720657 0.012255 0.030056
0 0.344524 0.432309 0.017734 0.034551
10 0.938178 0.294848 0.022468 0.041989
10 0.498007 0.505764 0.014296 0.034022
9 0.796220 0.659073 0.024516 0.049742
9 0.803368 0.515815 0.024510 0.045764
8 0.610859 0.398410 0.015317 0.041787
8 0.867200 0.551624 0.021448 0.053719
8 0.437751 0.554517 0.014302 0.051933
7 0.812561 0.403292 0.028593 0.051933
7 0.544475 0.689820 0.025536 0.047955
6 0.040473 0.781444 0.024510 0.035809
6 0.131877 0.203315 0.023489 0.038000
6 0.351272 0.207382 0.018714 0.031663
6 0.585856 0.299888 0.023639 0.042225
6 0.874438 0.092843 0.014020 0.031169
6 0.843330 0.075006 0.021609 0.032775
6 0.908405 0.088809 0.021551 0.029843
6 0.040882 0.783236 0.016344 0.033820
6 0.052627 0.987624 0.021448 0.024753
5 0.844628 0.639972 0.026557 0.049742
5 0.516799 0.129596 0.018385 0.043775
4 0.702160 0.898640 0.019406 0.057708
4 0.670499 0.057966 0.025531 0.051730
4 0.308968 0.961315 0.027578 0.043775
2 0.211436 0.749410 0.022468 0.041787
3 0.939097 0.625045 0.023489 0.043775
3 0.601052 0.209191 0.019406 0.051730
3 0.212457 0.285792 0.020427 0.049742
3 0.383431 0.669803 0.021672 0.052775
3 0.008544 0.238236 0.017088 0.051730
2 0.124319 0.397416 0.022468 0.043775
2 0.862396 0.384882 0.025531 0.037809
2 0.195983 0.367438 0.023639 0.033393
1 0.334193 0.280326 0.017359 0.051933
