0 0.860499 0.349281 0.012474 0.026404
0 0.909605 0.288062 0.014123 0.026933
0 0.827209 0.490876 0.013010 0.024831
0 0.828022 0.590169 0.014095 0.022719
2 0.432191 0.513427 0.023749 0.027888
2 0.599443 0.707421 0.023904 0.025674
3 0.687676 0.313466 0.018524 0.043090
3 0.711113 0.281882 0.018639 0.046685
3 0.729521 0.279230 0.017543 0.039697
3 0.729686 0.254618 0.017215 0.042225
3 0.746894 0.257264 0.016995 0.045000
3 0.704957 0.207494 0.018956 0.044337
3 0.813829 0.322596 0.020819 0.050697
3 0.825510 0.209522 0.018172 0.044573
4 0.501802 0.087528 0.026349 0.049438
3 0.660092 0.525848 0.019516 0.043090
4 0.547705 0.082517 0.027001 0.052607
4 0.557137 0.135124 0.027653 0.047528
4 0.582347 0.087904 0.029931 0.055764
9 0.073250 0.702045 0.023847 0.045236
9 0.333593 0.666612 0.022768 0.047539
9 0.305781 0.713511 0.023097 0.047539
9 0.345629 0.729674 0.022768 0.040562
9 0.330502 0.783230 0.023091 0.042461
9 0.377832 0.851360 0.022768 0.043101
9 0.457693 0.903331 0.022445 0.045629
9 0.508279 0.675803 0.023420 0.045629
9 0.533325 0.798438 0.022774 0.046270
9 0.547313 0.843404 0.021465 0.042517
9 0.737151 0.753635 0.024095 0.047674
9 0.860078 0.901258 0.024850 0.045843
9 0.761745 0.267865 0.022797 0.042225
10 0.616707 0.901590 0.018074 0.030371
10 0.638097 0.935433 0.015363 0.031247
10 0.667240 0.876904 0.018068 0.030371
10 0.684521 0.915635 0.017393 0.031247
10 0.722359 0.865236 0.018524 0.030809
10 0.697056 0.816601 0.017168 0.034775
10 0.694348 0.854674 0.016713 0.030809
10 0.614371 0.635669 0.016563 0.033337
11 0.161384 0.385949 0.025040 0.049517
11 0.476459 0.078601 0.025859 0.047202
10 0.075920 0.852483 0.014873 0.027506
13 0.533668 0.624713 0.023241 0.042978
13 0.534749 0.659365 0.023420 0.037315
