1 0.201681 0.374713 0.015358 0.046213
0 0.155735 0.082444 0.016003 0.029337
0 0.456655 0.511017 0.015063 0.029719
0 0.674556 0.536511 0.015248 0.030079
1 0.331753 0.021236 0.014118 0.042472
1 0.184965 0.062494 0.015721 0.051753
1 0.174905 0.842022 0.015058 0.048292
1 0.043426 0.034500 0.017866 0.041809
2 0.458351 0.605169 0.025755 0.026944
2 0.159259 0.224197 0.026546 0.032708
2 0.303495 0.053831 0.022249 0.025101
2 0.585531 0.066449 0.023045 0.026404
2 0.840845 0.197961 0.022497 0.025876
2 0.962901 0.737865 0.022364 0.028607
2 0.845110 0.876871 0.023529 0.026416
3 0.541093 0.529455 0.020236 0.048618
3 0.223385 0.761410 0.020231 0.044685
4 0.594340 0.409528 0.028010 0.043573
4 0.604712 0.580230 0.025755 0.052416
4 0.130905 0.015624 0.025075 0.031247
5 0.153899 0.338185 0.018212 0.050079
5 0.226471 0.409202 0.017566 0.040629
5 0.173714 0.777034 0.018524 0.043573
5 0.490164 0.751253 0.018449 0.042910
5 0.419449 0.450949 0.020606 0.048056
6 0.080058 0.107118 0.015721 0.030101
6 0.175856 0.120803 0.016534 0.033270
6 0.505926 0.202978 0.016269 0.035910
6 0.533601 0.228225 0.017618 0.033798
6 0.524250 0.290815 0.017347 0.032213
7 0.172494 0.287747 0.023858 0.041719
7 0.196566 0.140899 0.021955 0.046000
7 0.572993 0.597461 0.023264 0.043573
8 0.487330 0.866764 0.013010 0.043730
8 0.225040 0.583775 0.013991 0.043730
8 0.184380 0.536876 0.012036 0.042472
8 0.522327 0.592494 0.014366 0.041730
9 0.578345 0.465511 0.021857 0.041831
9 0.637834 0.378815 0.021471 0.041067
9 0.645058 0.589478 0.023426 0.041067
10 0.401903 0.572213 0.016863 0.029213
10 0.423685 0.514674 0.015928 0.028382
10 0.464908 0.572169 0.019677 0.028382
5 0.959530 0.182978 0.019129 0.044112
11 0.364853 0.034921 0.026995 0.046899
11 0.786811 0.383343 0.023495 0.042258
12 0.527881 0.384933 0.037411 0.078697
12 0.597252 0.240719 0.039302 0.072404
13 0.450081 0.470331 0.024394 0.048169
13 0.360461 0.228225 0.024072 0.046899
13 0.271332 0.760601 0.025375 0.049427
13 0.210862 0.853882 0.026546 0.046461
14 0.675450 0.584410 0.023610 0.045989
14 0.608910 0.113545 0.022364 0.046663
15 0.739190 0.499011 0.025208 0.042787
15 0.023535 0.239949 0.024129 0.048596
3 0.706525 0.751202 0.017895 0.039079
