6 0.167699 0.746567 0.012641 0.025472
7 0.975640 0.635511 0.023472 0.041157
7 0.387416 0.301410 0.027197 0.040685
8 0.574181 0.180691 0.013010 0.043090
8 0.655669 0.102517 0.012687 0.043798
8 0.886522 0.155820 0.014164 0.043371
9 0.674764 0.464551 0.023945 0.043573
9 0.565161 0.034854 0.021361 0.040517
10 0.274017 0.793719 0.014366 0.026944
10 0.526364 0.750989 0.016269 0.029573
10 0.550490 0.575376 0.017347 0.029045
10 0.581664 0.584888 0.016811 0.031169
10 0.602402 0.572736 0.015992 0.027989
10 0.622598 0.546596 0.017353 0.028517
10 0.414542 0.448096 0.015992 0.030101
10 0.432301 0.466315 0.016263 0.028517
10 0.461439 0.465258 0.018160 0.033798
10 0.498578 0.452584 0.015992 0.029573
10 0.519181 0.399242 0.017082 0.028528
10 0.533143 0.362798 0.015179 0.028517
10 0.536802 0.301798 0.015450 0.029056
10 0.560519 0.460506 0.014095 0.029573
10 0.701618 0.488236 0.015992 0.029056
10 0.801646 0.537354 0.015450 0.027989
10 0.819674 0.461034 0.015727 0.026404
10 0.831739 0.488764 0.014366 0.029056
10 0.267226 0.411247 0.015167 0.030315
10 0.269795 0.377433 0.014239 0.026258
10 0.395190 0.137865 0.016378 0.031169
10 0.247780 0.091652 0.014890 0.027506
10 0.472468 0.036820 0.016943 0.036674
10 0.501646 0.047635 0.015058 0.031180
10 0.939518 0.087315 0.017618 0.032742
10 0.727806 0.005365 0.017076 0.010730
11 0.793757 0.316635 0.023420 0.045000
12 0.332324 0.207944 0.040657 0.077326
12 0.442177 0.329090 0.040663 0.078652
12 0.415012 0.081921 0.038385 0.072315
12 0.092615 0.558511 0.036142 0.073067
13 0.658950 0.614938 0.024129 0.047539
13 0.758057 0.381287 0.023852 0.040663
14 0.477405 0.599938 0.021142 0.041202
14 0.860444 0.718775 0.022768 0.046899
14 0.995963 0.276831 0.008074 0.044899
0 0.430205 0.204399 0.015623 0.028978
0 0.456148 0.272837 0.017693 0.032281
0 0.456338 0.178944 0.014683 0.027146
0 0.489657 0.147034 0.015058 0.030067
0 0.516860 0.201315 0.014873 0.030067
0 0.159559 0.763135 0.016592 0.031685
1 0.874911 0.235022 0.014008 0.046652
1 0.832563 0.180337 0.015611 0.046697
1 0.859118 0.144022 0.015813 0.045371
2 0.967033 0.504028 0.021148 0.024303
2 0.991445 0.516225 0.017111 0.022180
3 0.785787 0.387303 0.018541 0.044360
3 0.494810 0.280197 0.019839 0.041831
3 0.778304 0.483955 0.017566 0.043730
3 0.869392 0.509309 0.018218 0.042461
3 0.898665 0.413607 0.020167 0.042472
3 0.134591 0.603927 0.018824 0.044011
3 0.155954 0.644876 0.017884 0.041596
5 0.739769 0.160584 0.022664 0.044157
