11 0.913795 0.749191 0.024072 0.046899
0 0.917313 0.863084 0.014913 0.030371
0 0.949164 0.808067 0.015813 0.028607
0 0.910533 0.972888 0.014908 0.030809
1 0.570306 0.887534 0.019204 0.050191
1 0.619394 0.902820 0.011707 0.047551
1 0.675372 0.946629 0.014054 0.047551
1 0.722918 0.968983 0.014521 0.048461
1 0.012762 0.957191 0.012803 0.041079
2 0.023454 0.095506 0.024591 0.024337
2 0.041099 0.135972 0.026546 0.025854
2 0.269291 0.089152 0.025294 0.025562
3 0.844343 0.942815 0.020496 0.045000
4 0.092661 0.790287 0.023581 0.060213
4 0.092229 0.668124 0.031448 0.054921
4 0.167318 0.723315 0.027647 0.051236
4 0.496923 0.060590 0.028299 0.051337
4 0.684126 0.066764 0.025727 0.046764
4 0.716347 0.176506 0.026822 0.047708
5 0.704951 0.777708 0.019521 0.040562
5 0.758270 0.772702 0.020819 0.041831
5 0.785755 0.712112 0.018547 0.043730
5 0.812918 0.798944 0.020173 0.043730
5 0.056064 0.244966 0.018702 0.042787
7 0.884190 0.969747 0.025369 0.040303
7 0.984980 0.872966 0.022255 0.046472
7 0.251087 0.232820 0.025980 0.044022
7 0.333901 0.298708 0.023270 0.039169
8 0.931517 0.133247 0.016378 0.039978
8 0.956554 0.126528 0.012612 0.043281
8 0.976329 0.196219 0.012255 0.044011
7 0.993103 0.090573 0.013795 0.040382
8 0.666675 0.807185 0.010306 0.043315
8 0.739761 0.809955 0.010029 0.041775
8 0.772967 0.814180 0.008679 0.040719
9 0.585568 0.102736 0.023420 0.045629
9 0.906854 0.542056 0.022232 0.049640
9 0.931658 0.562702 0.023858 0.043831
0 0.887788 0.791118 0.016719 0.029494
11 0.963887 0.662618 0.024072 0.046899
11 0.974625 0.755466 0.020819 0.046258
12 0.374585 0.856567 0.043645 0.082910
12 0.420874 0.863461 0.042047 0.077169
14 0.227884 0.889815 0.022018 0.052933
