0 0.531652 0.624090 0.015588 0.031685
0 0.557292 0.711983 0.016038 0.031247
0 0.535156 0.775803 0.016044 0.029494
0 0.594683 0.747197 0.015813 0.030371
0 0.507708 0.851281 0.014458 0.026404
1 0.539957 0.986848 0.014123 0.026303
2 0.385611 0.951764 0.023495 0.024202
2 0.430859 0.911225 0.022364 0.023326
2 0.434020 0.964702 0.021003 0.018483
3 0.429888 0.730601 0.019245 0.042258
3 0.314867 0.704775 0.016263 0.042247
3 0.350784 0.533921 0.021419 0.044899
3 0.412863 0.538146 0.017618 0.041730
3 0.561822 0.560590 0.019516 0.046483
3 0.480225 0.632157 0.020600 0.044899
3 0.589472 0.574590 0.018979 0.043831
5 0.873512 0.921264 0.018431 0.045427
5 0.598483 0.880388 0.022445 0.042461
5 0.691029 0.855669 0.021471 0.047539
7 0.215542 0.653494 0.021799 0.049438
7 0.191597 0.714910 0.020819 0.040562
7 0.232261 0.563118 0.020819 0.042461
7 0.251782 0.644242 0.022122 0.042461
7 0.244622 0.753882 0.023420 0.042461
7 0.286912 0.598287 0.021471 0.041831
8 0.502806 0.983343 0.015992 0.033315
8 0.579521 0.981337 0.011384 0.037326
9 0.566445 0.948022 0.023270 0.042247
9 0.574712 0.909646 0.021684 0.040483
10 0.395323 0.838348 0.016263 0.032742
10 0.462416 0.845927 0.016540 0.037022
10 0.490744 0.692758 0.018431 0.031742
10 0.644380 0.927337 0.016038 0.030809
10 0.891234 0.701556 0.018258 0.031539
12 0.139423 0.816056 0.040012 0.079213
13 0.503302 0.747989 0.022589 0.047101
13 0.661344 0.965449 0.022595 0.045775
13 0.647901 0.983826 0.022814 0.032348
13 0.854579 0.758989 0.022134 0.044449
14 0.949977 0.846579 0.024625 0.047090
15 0.642119 0.600101 0.025980 0.048854
15 0.698279 0.651691 0.022589 0.041809
15 0.844602 0.540427 0.023091 0.043101
