13 0.710801 0.056607 0.028053 0.052744
6 0.819254 0.251898 0.017621 0.030739
6 0.911423 0.079093 0.016717 0.030302
6 0.984499 0.062626 0.017396 0.031613
7 0.283773 0.370364 0.026982 0.044714
7 0.524919 0.192032 0.024954 0.044714
7 0.537059 0.119905 0.027656 0.044714
8 0.221714 0.173012 0.016192 0.046025
8 0.247434 0.285985 0.014833 0.050090
8 0.264297 0.055482 0.016002 0.047895
9 0.875340 0.165213 0.025634 0.043281
9 0.932339 0.135050 0.023606 0.043270
10 0.959767 0.195050 0.017563 0.034155
10 0.892693 0.310554 0.018543 0.039272
10 0.808442 0.383275 0.018543 0.034211
10 0.693448 0.521450 0.018220 0.034838
11 0.154628 0.458432 0.025755 0.047436
11 0.105809 0.650941 0.024130 0.052699
11 0.305458 0.506814 0.024395 0.050067
11 0.193937 0.752228 0.024130 0.046898
11 0.644772 0.705045 0.023531 0.046842
11 0.589150 0.253718 0.027632 0.051915
11 0.620772 0.216383 0.023422 0.050078
11 0.982632 0.347514 0.024827 0.044614
11 0.884021 0.796758 0.023041 0.043035
11 0.936178 0.914625 0.023946 0.044793
12 0.207681 0.014367 0.020167 0.028735
12 0.328920 0.050834 0.039361 0.079115
12 0.849663 0.693516 0.040467 0.081948
14 0.316486 0.176753 0.024286 0.041971
14 0.341106 0.275101 0.030357 0.049821
14 0.458422 0.263600 0.023030 0.047805
14 0.490202 0.054978 0.023744 0.048701
14 0.949686 0.729093 0.022771 0.046159
14 0.992391 0.879412 0.015219 0.043639
15 0.447488 0.121691 0.023030 0.044770
15 0.479888 0.187296 0.021861 0.044849
15 0.538834 0.041596 0.021861 0.046372
15 0.688926 0.016450 0.024591 0.032900
1 0.989404 0.795224 0.012425 0.047872
1 0.986060 0.587060 0.014908 0.047872
2 0.854868 0.393667 0.026935 0.030358
2 0.514669 0.321198 0.024983 0.031109
2 0.632995 0.069664 0.025242 0.027324
2 0.288111 0.642811 0.024735 0.032788
3 0.134228 0.252284 0.021855 0.044054
3 0.724577 0.222872 0.020167 0.049328
3 0.616092 0.019742 0.022448 0.039485
5 0.609487 0.551204 0.026935 0.056920
5 0.718980 0.462380 0.019908 0.049395
5 0.733036 0.355420 0.018733 0.046293
6 0.768134 0.275924 0.016267 0.035140
6 0.770233 0.217867 0.016262 0.029418
