12 0.101690 0.851545 0.040012 0.076685
12 0.174556 0.697416 0.041315 0.077326
12 0.223186 0.939517 0.042290 0.082382
12 0.969908 0.439904 0.040012 0.079854
0 0.198224 0.816202 0.017393 0.028607
0 0.224449 0.783416 0.017168 0.033888
0 0.254498 0.738084 0.015813 0.029494
0 0.286799 0.785393 0.015363 0.030809
0 0.231569 0.877607 0.014683 0.028607
1 0.602474 0.659742 0.014913 0.048404
1 0.626894 0.615753 0.014227 0.046697
1 0.651179 0.696736 0.014458 0.052865
1 0.696923 0.245826 0.014227 0.050663
2 0.814957 0.797416 0.024400 0.030112
2 0.813982 0.862219 0.023039 0.024820
2 0.861422 0.809404 0.021955 0.025888
3 0.572748 0.883242 0.017618 0.044371
3 0.573290 0.974079 0.017618 0.021124
3 0.689611 0.876107 0.019245 0.049112
4 0.784190 0.218034 0.027376 0.044899
4 0.835856 0.303225 0.027111 0.044360
4 0.810646 0.391955 0.024937 0.045416
4 0.848870 0.226112 0.026563 0.047528
4 0.861067 0.425753 0.023852 0.044360
5 0.627728 0.258646 0.019908 0.044865
5 0.500274 0.313090 0.020167 0.044360
5 0.606972 0.323545 0.023426 0.047539
5 0.559968 0.436989 0.018541 0.043730
5 0.505969 0.672444 0.019193 0.043090
6 0.865649 0.284843 0.017895 0.030629
6 0.878633 0.363803 0.017082 0.027472
6 0.892189 0.481579 0.015992 0.031697
6 0.874974 0.527000 0.017353 0.032742
7 0.166987 0.927230 0.022013 0.034685
8 0.343059 0.744124 0.012036 0.045640
8 0.418590 0.637112 0.013662 0.047596
8 0.654882 0.613090 0.013281 0.047011
9 0.320588 0.597534 0.022261 0.036798
9 0.428849 0.301831 0.024285 0.052562
9 0.936773 0.621843 0.021586 0.038112
9 0.948919 0.806489 0.020236 0.039427
10 0.481462 0.509478 0.017537 0.028910
10 0.389089 0.455753 0.017566 0.035483
10 0.193942 0.432365 0.016915 0.033584
10 0.214761 0.446624 0.014965 0.029157
10 0.226796 0.631685 0.019521 0.034225
10 0.257699 0.634860 0.018870 0.030416
10 0.600727 0.413955 0.019839 0.040000
10 0.703195 0.530888 0.018547 0.034292
10 0.614709 0.945792 0.016788 0.032101
10 0.627976 0.964337 0.013725 0.015281
10 0.878472 0.707871 0.015456 0.028573
10 0.771528 0.558135 0.019516 0.035438
10 0.305657 0.984326 0.013968 0.030427
10 0.314467 0.881399 0.015288 0.028528
10 0.316742 0.942562 0.017243 0.030427
10 0.157021 0.763197 0.017238 0.032955
3 0.270389 0.874433 0.020167 0.045000
9 0.469144 0.989343 0.025369 0.021315
11 0.574334 0.811051 0.026234 0.052933
11 0.529363 0.466983 0.026234 0.051112
11 0.711681 0.373393 0.027653 0.055326
13 0.466825 0.335281 0.023604 0.047438
13 0.656370 0.289281 0.029002 0.050067
13 0.769017 0.437787 0.026303 0.047438
13 0.786220 0.699315 0.026984 0.052697
13 0.545747 0.885275 0.027653 0.048753
14 0.075594 0.404994 0.023610 0.039427
15 0.858111 0.170045 0.025092 0.044157
15 0.785666 0.290612 0.025900 0.049045
