0 0.272324 0.501079 0.013806 0.025371
0 0.464438 0.671809 0.013662 0.029730
0 0.537240 0.543657 0.014054 0.028978
0 0.655130 0.671051 0.015611 0.029742
0 0.806003 0.519320 0.015225 0.027449
1 0.428849 0.814888 0.014619 0.045011
1 0.492367 0.822006 0.014619 0.052685
1 0.541272 0.910169 0.017987 0.049393
2 0.552324 0.615949 0.024394 0.026843
2 0.479833 0.618213 0.023945 0.024247
3 0.787036 0.933944 0.018431 0.050697
3 0.890507 0.673382 0.019250 0.047056
3 0.893489 0.595213 0.020877 0.046000
3 0.100631 0.100449 0.015738 0.049281
3 0.146162 0.044051 0.020236 0.043809
2 0.690634 0.676646 0.022261 0.027607
4 0.134815 0.433781 0.026021 0.043315
5 0.965646 0.870882 0.018212 0.047315
5 0.930167 0.970382 0.018431 0.043303
6 0.531081 0.479202 0.016592 0.030427
6 0.563155 0.547298 0.015617 0.030483
6 0.668550 0.615433 0.014965 0.029854
7 0.537393 0.661837 0.023045 0.044910
7 0.555381 0.815708 0.023045 0.041618
7 0.490176 0.882517 0.023051 0.037236
8 0.611445 0.934230 0.013489 0.043360
8 0.225611 0.868517 0.014844 0.040742
9 0.912183 0.434174 0.022140 0.046213
10 0.293803 0.826466 0.020871 0.038551
10 0.349077 0.934545 0.016540 0.038079
11 0.271531 0.876287 0.024850 0.050169
11 0.623031 0.651910 0.026027 0.046472
11 0.202235 0.196691 0.018633 0.037045
11 0.197246 0.038708 0.024285 0.043685
11 0.004152 0.412601 0.008304 0.044011
12 0.416370 0.608831 0.039798 0.077528
12 0.502710 0.466236 0.042491 0.081483
12 0.635597 0.244135 0.037099 0.073596
12 0.657177 0.259910 0.037099 0.070966
13 0.955660 0.972865 0.025634 0.051258
13 0.173873 0.819107 0.025634 0.048618
14 0.239905 0.309601 0.023420 0.041831
14 0.149149 0.372534 0.025369 0.047225
14 0.138221 0.244764 0.026153 0.051798
15 0.512699 0.592331 0.024072 0.051337
15 0.108250 0.591966 0.026027 0.045955
15 0.623048 0.409073 0.026303 0.048618
8 0.348512 0.866416 0.014164 0.038112
