0 0.598091 0.491612 0.015179 0.030101
0 0.559841 0.457500 0.015450 0.031157
0 0.539648 0.524573 0.016263 0.033281
0 0.534769 0.371938 0.017889 0.039607
0 0.511860 0.600360 0.017076 0.035910
1 0.547834 0.742539 0.013662 0.046270
1 0.540839 0.819539 0.015934 0.046899
1 0.503919 0.848697 0.015611 0.046899
1 0.500666 0.937742 0.015611 0.048809
1 0.288408 0.827466 0.016586 0.047539
1 0.378354 0.896545 0.015611 0.047539
1 0.412673 0.785320 0.016592 0.050708
1 0.591912 0.843629 0.017238 0.049438
2 0.324841 0.889258 0.025046 0.034225
2 0.353956 0.820337 0.022768 0.029213
2 0.376727 0.768051 0.024723 0.027315
2 0.392503 0.709107 0.024394 0.027315
2 0.441136 0.716079 0.025375 0.028584
2 0.437232 0.661258 0.024717 0.029213
3 0.351136 0.290916 0.023852 0.052281
3 0.318552 0.462938 0.021142 0.049652
3 0.432950 0.483270 0.019521 0.049124
3 0.481609 0.382921 0.021419 0.048067
3 0.413431 0.293927 0.023852 0.050708
3 0.561848 0.305281 0.023039 0.049124
3 0.590718 0.318489 0.018437 0.043831
4 0.208163 0.826770 0.028241 0.049742
4 0.212863 0.890876 0.025300 0.046697
4 0.177396 0.963275 0.025300 0.047135
4 0.100023 0.972517 0.027785 0.048022
4 0.262901 0.947652 0.025525 0.044944
5 0.603893 0.624163 0.020796 0.042708
5 0.707203 0.949258 0.017624 0.050697
5 0.767111 0.918337 0.018166 0.049169
5 0.695138 0.592202 0.020058 0.041258
5 0.879340 0.651354 0.019245 0.048640
6 0.419585 0.861056 0.016540 0.041191
6 0.463394 0.932596 0.013824 0.026989
6 0.476404 0.841489 0.015450 0.033854
7 0.246497 0.516399 0.028668 0.048191
7 0.195066 0.482994 0.025854 0.047090
7 0.217552 0.415646 0.026984 0.043809
7 0.252373 0.410713 0.023662 0.044910
7 0.232166 0.330219 0.026984 0.045989
7 0.287252 0.363073 0.026984 0.048191
8 0.586860 0.727219 0.011240 0.040528
8 0.576179 0.783073 0.013489 0.040528
8 0.510130 0.743101 0.016303 0.050382
8 0.525588 0.894781 0.012364 0.040528
8 0.564095 0.872331 0.012930 0.045989
9 0.573659 0.693674 0.021078 0.041820
9 0.579322 0.654202 0.021078 0.034225
10 0.400969 0.593056 0.016298 0.037236
10 0.467016 0.598534 0.017987 0.039427
10 0.492592 0.441927 0.018552 0.030663
10 0.552460 0.944062 0.017987 0.036146
10 0.648861 0.668629 0.017422 0.030674
11 0.159259 0.896972 0.024170 0.047090
11 0.226151 0.970893 0.025300 0.048191
12 0.110355 0.777051 0.036534 0.083225
12 0.146332 0.585393 0.039908 0.078854
13 0.653919 0.730506 0.023051 0.042719
13 0.668503 0.706478 0.023454 0.042461
13 0.505219 0.501129 0.026678 0.047539
14 0.785686 0.876399 0.020611 0.042888
14 0.955727 0.569298 0.022480 0.045629
13 0.858999 0.486742 0.020236 0.039416
10 0.893887 0.427579 0.016263 0.030371
15 0.699449 0.391556 0.024827 0.051202
15 0.643705 0.343185 0.022013 0.049382
15 0.844193 0.270174 0.026701 0.043899
