0 0.008584 0.587472 0.017168 0.029573
0 0.555663 0.157331 0.016863 0.034303
0 0.540825 0.029860 0.018212 0.026416
0 0.751522 0.061174 0.018973 0.036438
0 0.700482 0.010253 0.014908 0.020506
0 0.726367 0.007084 0.015179 0.014169
0 0.697633 0.393961 0.015288 0.027247
0 0.628057 0.975169 0.014118 0.026404
1 0.136214 0.563135 0.015358 0.045326
1 0.196577 0.541792 0.014908 0.049292
1 0.198270 0.441000 0.018293 0.047528
2 0.135193 0.512478 0.030905 0.027247
2 0.123452 0.745129 0.022820 0.022888
2 0.135946 0.804899 0.023945 0.025528
2 0.565562 0.309933 0.024400 0.028000
1 0.781073 0.060904 0.013010 0.045629
3 0.736572 0.245191 0.020236 0.040742
3 0.497451 0.934489 0.019562 0.047315
4 0.597281 0.673624 0.026303 0.053876
4 0.662373 0.522489 0.024285 0.048618
4 0.298123 0.945663 0.024285 0.053888
6 0.190980 0.309983 0.016263 0.032955
6 0.401482 0.343258 0.020496 0.033596
6 0.409126 0.541944 0.016269 0.030427
6 0.409420 0.541820 0.016592 0.035483
7 0.828039 0.731185 0.026978 0.045989
7 0.896716 0.805287 0.024400 0.042461
7 0.894242 0.267393 0.025369 0.044989
8 0.414977 0.672949 0.012203 0.043135
8 0.438604 0.673079 0.012422 0.041820
8 0.450239 0.739320 0.012647 0.044011
8 0.788956 0.127629 0.012422 0.045775
9 0.133163 0.631135 0.024170 0.044899
9 0.143016 0.708730 0.022364 0.044899
9 0.186151 0.631242 0.023293 0.044933
10 0.216194 0.958343 0.017243 0.031697
10 0.774351 0.253331 0.016869 0.036506
10 0.880450 0.160247 0.021084 0.031034
10 0.849766 0.087691 0.017803 0.035584
9 0.545525 0.335478 0.022953 0.045629
11 0.518630 0.136899 0.026984 0.053888
11 0.304510 0.989416 0.021684 0.021169
11 0.696494 0.277449 0.023310 0.046472
12 0.089409 0.355601 0.037676 0.069697
12 0.630709 0.543331 0.037047 0.070865
13 0.027739 0.896180 0.023310 0.043843
13 0.752881 0.418466 0.023316 0.042258
13 0.468950 0.018444 0.027728 0.036888
14 0.468622 0.779618 0.023749 0.046899
14 0.841600 0.476657 0.026153 0.052551
14 0.849020 0.255343 0.026932 0.047989
15 0.814954 0.558433 0.022930 0.047449
15 0.556943 0.484180 0.029008 0.054022
