0 0.414896 0.405314 0.017569 0.038578
0 0.493845 0.525594 0.017241 0.027200
0 0.547177 0.423432 0.019228 0.034211
0 0.694389 0.408600 0.014965 0.034782
0 0.647693 0.258063 0.018577 0.027256
1 0.377532 0.532380 0.014165 0.043281
1 0.437146 0.624434 0.015927 0.046450
1 0.506143 0.658488 0.015927 0.050997
1 0.504271 0.273707 0.016861 0.044703
1 0.657915 0.429922 0.014988 0.045532
1 0.810156 0.468169 0.014988 0.049171
2 0.553822 0.699418 0.023612 0.027324
2 0.451236 0.711982 0.025294 0.030594
2 0.357926 0.701601 0.025300 0.027324
2 0.532180 0.581948 0.025294 0.030594
2 0.344412 0.305717 0.028329 0.032912
3 0.142728 0.689933 0.022932 0.051265
3 0.123165 0.439474 0.021584 0.051265
3 0.189608 0.350957 0.019562 0.047335
3 0.381872 0.327111 0.020611 0.050997
3 0.602592 0.631551 0.020058 0.051120
3 0.759582 0.239692 0.021861 0.048567
6 0.824381 0.376932 0.017621 0.028981
6 0.793796 0.424048 0.017396 0.030739
6 0.836264 0.167368 0.016941 0.034692
7 0.799669 0.073471 0.022771 0.040582
7 0.851878 0.096501 0.024124 0.040056
7 0.910026 0.198471 0.021688 0.038466
7 0.901622 0.349457 0.021146 0.042161
8 0.771259 0.804031 0.013992 0.041747
8 0.595403 0.755146 0.012362 0.044267
8 0.732843 0.665034 0.015939 0.042363
8 0.816443 0.652704 0.013335 0.041736
9 0.376858 0.791428 0.023612 0.049955
9 0.142120 0.524574 0.024954 0.053897
9 0.066233 0.315420 0.031025 0.057828
9 0.149649 0.200235 0.026152 0.045532
10 0.446371 0.561030 0.015553 0.030907
10 0.370602 0.397060 0.016941 0.034099
10 0.532411 0.771825 0.018128 0.034670
10 0.548787 0.845258 0.019026 0.035823
11 0.100991 0.707396 0.024965 0.051433
11 0.046273 0.451030 0.024666 0.046226
11 0.213128 0.255924 0.025680 0.052766
12 0.216760 0.097816 0.038934 0.078007
12 0.323347 0.232934 0.040127 0.076909
12 0.601694 0.189020 0.038041 0.076898
12 0.698517 0.492189 0.038877 0.073494
12 0.858762 0.849826 0.039528 0.077436
13 0.911146 0.100258 0.027247 0.052564
13 0.957255 0.114104 0.025593 0.050963
13 0.983160 0.308712 0.024971 0.048555
13 0.798819 0.735801 0.027247 0.050078
13 0.912310 0.612928 0.026751 0.049597
14 0.307961 0.981517 0.025887 0.036965
14 0.680527 0.868376 0.026503 0.047928
14 0.806564 0.952850 0.027114 0.041937
14 0.958632 0.826876 0.023969 0.056573
15 0.023531 0.721249 0.024654 0.045521
15 0.096256 0.283331 0.025887 0.046730
15 0.077149 0.492408 0.024654 0.047928
15 0.116593 0.945297 0.027114 0.050325
2 0.491933 0.162856 0.029579 0.033662
