0 0.423873 0.634225 0.014654 0.030562
0 0.441788 0.617534 0.015894 0.029360
0 0.457889 0.598809 0.015479 0.029798
1 0.051003 0.522826 0.013622 0.045360
1 0.066635 0.580978 0.015358 0.052112
2 0.894279 0.554157 0.027116 0.030022
3 0.107434 0.732798 0.018916 0.048315
3 0.173826 0.590596 0.019210 0.043281
3 0.795274 0.211787 0.020802 0.044449
3 0.808403 0.274517 0.018328 0.039618
2 0.482220 0.495820 0.024256 0.028494
4 0.203201 0.220399 0.025271 0.046955
4 0.456315 0.045382 0.026943 0.046360
4 0.580444 0.032567 0.029954 0.045809
4 0.863319 0.897820 0.026753 0.047258
5 0.898656 0.348331 0.020507 0.045742
5 0.984824 0.403579 0.021401 0.044011
5 0.034573 0.035904 0.021569 0.045629
6 0.945159 0.794281 0.015784 0.030112
6 0.938336 0.729135 0.015750 0.030697
6 0.968356 0.707708 0.016344 0.029528
7 0.053803 0.132506 0.027122 0.048157
7 0.065822 0.372663 0.025265 0.048157
7 0.484302 0.107287 0.026505 0.045742
14 0.629138 0.016331 0.025888 0.032663
15 0.124680 0.036202 0.021574 0.045753
15 0.712341 0.954202 0.024648 0.039753
5 0.341009 0.752466 0.021569 0.046955
5 0.509265 0.584961 0.020340 0.045742
5 0.840845 0.131663 0.017872 0.044539
14 0.869810 0.592826 0.025271 0.042034
14 0.918192 0.413910 0.024654 0.044427
14 0.837145 0.209775 0.024037 0.042022
12 0.363391 0.108270 0.041615 0.076494
12 0.934651 0.890522 0.039591 0.077135
12 0.873662 0.725489 0.037451 0.077831
11 0.411064 0.093472 0.026038 0.045169
11 0.670479 0.826129 0.024371 0.044011
11 0.411214 0.861399 0.024666 0.048056
11 0.074164 0.773663 0.022295 0.042854
10 0.944905 0.196640 0.015161 0.027281
10 0.935825 0.312455 0.016078 0.029584
10 0.882607 0.294770 0.016943 0.031270
10 0.283036 0.833775 0.017860 0.032427
10 0.244562 0.825090 0.016943 0.028944
10 0.249524 0.948258 0.018126 0.035326
9 0.877705 0.955787 0.025559 0.045753
9 0.822716 0.853292 0.021995 0.045753
8 0.480257 0.046225 0.012486 0.046562
8 0.591615 0.131826 0.014141 0.045404
8 0.469097 0.222669 0.013131 0.044393
7 0.867128 0.411112 0.026009 0.042944
